Date,Year,Month,Time,Sales,logSales,dlogSales,Changepoint,c348,s348,c432,s432,obs106
1993-01-01,1993,1,1,25801,10.15816853,-0.032525982,0,-0.577572703,0.8163392507,-0.910105971,0.414375581,0
1993-02-01,1993,2,2,26165,10.172177919,0.014009389,0,-0.332819545,-0.942990536,0.6565857558,-0.754251381,0
1993-03-01,1993,3,3,31277,10.350638282,0.1784603633,0,0.9620276716,0.2729519355,-0.285019262,0.958521789,0
1993-04-01,1993,4,4,32586,10.391638027,0.0409997451,0,-0.778462302,0.6276913613,-0.137790291,-0.990461426,0
1993-05-01,1993,5,5,32786,10.397756874,0.0061188467,0,-0.06279052,-0.998026728,0.535826795,0.8443279255,0
1993-06-01,1993,6,6,34497,10.448627643,0.0508707687,0,0.8509944818,0.52517463,-0.83752804,-0.546394347,0
1993-07-01,1993,7,7,34162,10.438869194,-0.009758449,0,-0.920231847,0.3913736668,0.9886517447,0.1502255891,0
1993-08-01,1993,8,8,33517,10.419808052,-0.019061142,0,0.2120071099,-0.977268124,-0.962027672,0.2729519355,0
1993-09-01,1993,9,9,32501,10.389026137,-0.030781915,0,0.6753328081,0.7375131174,0.762442511,-0.647055962,0
1993-10-01,1993,10,10,32534,10.390040975,0.0010148383,0,-0.992114701,0.1253332336,-0.425779292,0.9048270525,0
1993-11-01,1993,11,11,31679,10.36340928,-0.026631696,0,0.4707039322,-0.882291226,0.0125660399,-0.999921044,0
1993-12-01,1993,12,12,32017,10.374022291,0.0106130109,0,0.4483832161,0.8938414242,0.4029064357,0.9152411726,0
1994-01-01,1994,1,13,29860,10.304275071,-0.06974722,0,-0.988651745,-0.150225589,-0.745941145,-0.666011867,0
1994-02-01,1994,2,14,31959,10.37220911,0.0679340392,0,0.6936533058,-0.720309025,0.9548645447,0.2970415816,0
1994-03-01,1994,3,15,39742,10.590163842,0.2179547317,0,0.1873813146,0.9822872507,-0.992114701,0.1253332336,0
1994-04-01,1994,4,16,38191,10.550355165,-0.039808677,0,-0.910105971,-0.414375581,0.8509944818,-0.52517463,0
1994-05-01,1994,5,17,37869,10.541888114,-0.00846705,0,0.8639234172,-0.503623202,-0.556875616,0.8305958992,0
1994-06-01,1994,6,18,39511,10.584334393,0.0424462787,0,-0.087851197,0.9961336091,0.1626371652,-0.986685944,0
1994-07-01,1994,7,19,36388,10.501994329,-0.082340064,0,-0.762442511,-0.647055962,0.2608415063,0.9653816388,0
1994-08-01,1994,8,20,38533,10.559270296,0.0572759671,0,0.9685831611,-0.248689887,-0.63742399,-0.770513243,0
1994-09-01,1994,9,21,37385,10.529024833,-0.030245463,0,-0.356411879,0.9343289425,0.8994052516,0.4371157667,0
1994-10-01,1994,10,22,36654,10.509277842,-0.019746992,0,-0.556875616,-0.830595899,-0.999684189,-0.025130095,0
1994-11-01,1994,11,23,35170,10.467948725,-0.041329116,0,0.9996841893,0.0251300954,0.9202318474,-0.391373667,0
1994-12-01,1994,12,24,34399,10.445782773,-0.022165952,0,-0.597904983,0.8015669849,-0.675332808,0.7375131174,0
1995-01-01,1995,1,25,32778,10.397512838,-0.048269936,0,-0.309016994,-0.951056516,0.3090169944,-0.951056516,0
1995-02-01,1995,2,26,33412,10.416670396,0.0191575583,0,0.9548645447,0.2970415816,0.1128563849,0.9936113105,0
1995-03-01,1995,3,27,41374,10.630407943,0.2137375473,0,-0.793990399,0.6079302977,-0.514439534,-0.857526656,0
1995-04-01,1995,4,28,38132,10.548809104,-0.08159884,0,-0.037690183,-0.999289473,0.8235325976,0.5672689491,0
1995-05-01,1995,5,29,42309,10.652755108,0.1039460047,0,0.83752804,0.5463943467,-0.984564335,-0.175023059,0
1995-06-01,1995,6,30,43957,10.690967162,0.038212054,0,-0.929776486,0.3681245527,0.9685831611,-0.248689887,0
1995-07-01,1995,7,31,39540,10.585068097,-0.105899066,0,0.236498997,-0.971631733,-0.778462302,0.6276913613,0
1995-08-01,1995,8,32,42592,10.659421721,0.0743536245,0,0.6565857558,0.7542513807,0.4483832161,-0.893841424,0
1995-09-01,1995,9,33,38978,10.570752663,-0.088669058,0,-0.994951017,0.1003617149,-0.037690183,0.9992894726,0
1995-10-01,1995,10,34,38834,10.567051431,-0.003701233,0,0.4927273415,-0.870183755,-0.379779096,-0.925077207,0
1995-11-01,1995,11,35,37202,10.524117802,-0.042933628,0,0.4257792916,0.9048270525,0.7289686274,0.6845471059,0
1995-12-01,1995,12,36,35534,10.478245264,-0.045872539,0,-0.984564335,-0.175023059,-0.947098305,-0.32094361,0
1996-01-01,1996,1,37,36390,10.502049291,0.023804027,0,0.7115356772,-0.70264997,0.994951017,-0.100361715,0
1996-02-01,1996,2,38,40087,10.598807371,0.0967580806,0,0.1626371652,0.9866859442,-0.863923417,0.5036232016,0
1996-03-01,1996,3,39,44798,10.709918775,0.1111114033,0,-0.899405252,-0.437115767,0.5775727034,-0.816339251,0
1996-04-01,1996,4,40,42745,10.663007508,-0.046911266,0,0.87630668,-0.481753674,-0.187381315,0.9822872507,0
1996-05-01,1996,5,41,46525,10.747745082,0.0847375731,0,-0.112856385,0.9936113105,-0.236498997,-0.971631733,0
1996-06-01,1996,6,42,43649,10.683935651,-0.06380943,0,-0.745941145,-0.666011867,0.6178596131,0.7862884321,0
1996-07-01,1996,7,43,43833,10.688142237,0.0042065858,0,0.9745268728,-0.224270761,-0.888136449,-0.459579861,0
1996-08-01,1996,8,44,44020,10.692399355,0.0042571177,0,-0.379779096,0.9250772068,0.9987369566,0.0502443182,0
1996-09-01,1996,9,45,41252,10.627454875,-0.06494448,0,-0.535826795,-0.844327926,-0.929776486,0.3681245527,0
1996-10-01,1996,10,46,43454,10.679458186,0.0520033109,0,0.9987369566,0.0502443182,0.6936533058,-0.720309025,0
1996-11-01,1996,11,47,38484,10.557997849,-0.121460337,0,-0.617859613,0.7862884321,-0.332819545,0.9429905359,0
1996-12-01,1996,12,48,37103,10.521453108,-0.036544742,0,-0.285019262,-0.958521789,-0.087851197,-0.996133609,0
1997-01-01,1997,1,49,38950,10.570034051,0.0485809434,0,0.947098305,0.3209436098,0.4927273415,0.8701837547,0
1997-02-01,1997,2,50,40036,10.597534328,0.027500277,0,-0.809016994,0.5877852523,-0.809016994,-0.587785252,0
1997-03-01,1997,3,51,45967,10.735679027,0.1381446984,0,-0.01256604,-0.999921044,0.9798550524,0.1997099805,0
1997-04-01,1997,4,52,44106,10.694351107,-0.04132792,0,0.8235325976,0.5672689491,-0.974526873,0.2242707609,0
1997-05-01,1997,5,53,45673,10.729262593,0.0349114861,0,-0.938733858,0.3446429232,0.7939903986,-0.607930298,0
1997-06-01,1997,6,54,45196,10.718763866,-0.010498726,0,0.2608415063,-0.965381639,-0.470703932,0.8822912264,0
1997-07-01,1997,7,55,46093,10.738416374,0.0196525073,0,0.6374239897,0.7705132428,0.0627905195,-0.998026728,0
1997-08-01,1997,8,56,46085,10.738242796,-0.000173577,0,-0.9971589,0.0753268055,0.3564118787,0.9343289425,0
1997-09-01,1997,9,57,43626,10.683408582,-0.054834215,0,0.5144395338,-0.857526656,-0.711535677,-0.70264997,0
1997-10-01,1997,10,58,44122,10.694713803,0.0113052214,0,0.4029064357,0.9152411726,0.9387338577,0.3446429232,0
1997-11-01,1997,11,59,38649,10.56227618,-0.132437623,0,-0.979855052,-0.199709981,-0.9971589,0.0753268055,0
1997-12-01,1997,12,60,40469,10.608291528,0.0460153474,0,0.7289686274,-0.684547106,0.87630668,-0.481753674,0
1998-01-01,1998,1,61,39690,10.588854546,-0.019436982,0,0.1377902907,0.9904614257,-0.597904983,0.8015669849,0
1998-02-01,1998,2,62,39936,10.595033452,0.006178906,0,-0.888136449,-0.459579861,0.2120071099,-0.977268124,0
1998-03-01,1998,3,63,47249,10.763186769,0.1681533169,0,0.8881364488,-0.459579861,0.2120071099,0.9772681236,0
1998-04-01,1998,4,64,47084,10.75968852,-0.003498249,0,-0.137790291,0.9904614257,-0.597904983,-0.801566985,0
1998-05-01,1998,5,65,48972,10.799003985,0.0393154657,0,-0.728968627,-0.684547106,0.87630668,0.4817536741,0
1998-06-01,1998,6,66,51217,10.843826787,0.044822802,0,0.9798550524,-0.199709981,-0.9971589,-0.075326806,0
1998-07-01,1998,7,67,46220,10.741167884,-0.102658903,0,-0.402906436,0.9152411726,0.9387338577,-0.344642923,0
1998-08-01,1998,8,68,44965,10.713639688,-0.027528195,0,-0.514439534,-0.857526656,-0.711535677,0.7026499698,0
1998-09-01,1998,9,69,44560,10.704591875,-0.009047814,0,0.9971589003,0.0753268055,0.3564118787,-0.934328942,0
1998-10-01,1998,10,70,46742,10.752398397,0.0478065225,0,-0.63742399,0.7705132428,0.0627905195,0.9980267284,0
1998-11-01,1998,11,71,41949,10.644209874,-0.108188523,0,-0.260841506,-0.965381639,-0.470703932,-0.882291226,0
1998-12-01,1998,12,72,43975,10.69137657,0.0471666959,0,0.9387338577,0.3446429232,0.7939903986,0.6079302977,0
1999-01-01,1999,1,73,42042,10.646424398,-0.044952172,0,-0.823532598,0.5672689491,-0.974526873,-0.224270761,0
1999-02-01,1999,2,74,45230,10.719515862,0.0730914649,0,0.0125660399,-0.999921044,0.9798550524,-0.199709981,0
1999-03-01,1999,3,75,53840,10.893771964,0.1742561018,0,0.8090169944,0.5877852523,-0.809016994,0.5877852523,0
1999-04-01,1999,4,76,50680,10.833286634,-0.06048533,0,-0.947098305,0.3209436098,0.4927273415,-0.870183755,0
1999-05-01,1999,5,77,53277,10.883259997,0.0499733629,0,0.2850192625,-0.958521789,-0.087851197,0.9961336091,0
1999-06-01,1999,6,78,54565,10.907147931,0.0238879332,0,0.6178596131,0.7862884321,-0.332819545,-0.942990536,0
1999-07-01,1999,7,79,54023,10.897165161,-0.00998277,0,-0.998736957,0.0502443182,0.6936533058,0.7203090249,0
1999-08-01,1999,8,80,55555,10.9251288,0.0279636392,0,0.535826795,-0.844327926,-0.929776486,-0.368124553,0
1999-09-01,1999,9,81,51570,10.850695387,-0.074433413,0,0.3797790955,0.9250772068,0.9987369566,-0.050244318,0
1999-10-01,1999,10,82,49379,10.807280512,-0.043414875,0,-0.974526873,-0.224270761,-0.888136449,0.4595798606,0
1999-11-01,1999,11,83,47695,10.77258185,-0.034698662,0,0.7459411454,-0.666011867,0.6178596131,-0.786288432,0
1999-12-01,1999,12,84,48311,10.785414557,0.0128327074,0,0.1128563849,0.9936113105,-0.236498997,0.9716317329,0
2000-01-01,2000,1,85,47032,10.7585835,-0.026831057,0,-0.87630668,-0.481753674,-0.187381315,-0.982287251,0
2000-02-01,2000,2,86,53501,10.887455624,0.1288721242,0,0.8994052516,-0.437115767,0.5775727034,0.8163392507,0
2000-03-01,2000,3,87,59381,10.991729589,0.1042739646,0,-0.162637165,0.9866859442,-0.863923417,-0.503623202,0
2000-04-01,2000,4,88,51683,10.852884186,-0.138845403,0,-0.711535677,-0.70264997,0.994951017,0.1003617149,0
2000-05-01,2000,5,89,57481,10.959209737,0.1063255511,0,0.9845643345,-0.175023059,-0.947098305,0.3209436098,0
2000-06-01,2000,6,90,57235,10.954920878,-0.004288859,0,-0.425779292,0.9048270525,0.7289686274,-0.684547106,0
2000-07-01,2000,7,91,52953,10.877160007,-0.077760872,0,-0.492727342,-0.870183755,-0.379779096,0.9250772068,0
2000-08-01,2000,8,92,56931,10.949595287,0.0724352806,0,0.994951017,0.1003617149,-0.037690183,-0.999289473,0
2000-09-01,2000,9,93,52112,10.861150528,-0.08844476,0,-0.656585756,0.7542513807,0.4483832161,0.8938414242,0
2000-10-01,2000,10,94,50745,10.83456837,-0.026582158,0,-0.236498997,-0.971631733,-0.778462302,-0.627691361,0
2000-11-01,2000,11,95,46458,10.746303958,-0.088264412,0,0.9297764859,0.3681245527,0.9685831611,0.2486898872,0
2000-12-01,2000,12,96,44611,10.705735744,-0.040568213,0,-0.83752804,0.5463943467,-0.984564335,0.175023059,0
2001-01-01,2001,1,97,47306,10.764392416,0.058656672,0,0.0376901827,-0.999289473,0.8235325976,-0.567268949,0
2001-02-01,2001,2,98,49251,10.804684951,0.0402925346,0,0.7939903986,0.6079302977,-0.514439534,0.8575266562,0
2001-03-01,2001,3,99,56675,10.945088475,0.1404035244,0,-0.954864545,0.2970415816,0.1128563849,-0.993611311,0
2001-04-01,2001,4,100,52336,10.86543975,-0.079648726,0,0.3090169944,-0.951056516,0.3090169944,0.9510565163,0
2001-05-01,2001,5,101,58144,10.970677971,0.1052382214,0,0.5979049831,0.8015669849,-0.675332808,-0.737513117,0
2001-06-01,2001,6,102,57024,10.951227511,-0.01945046,0,-0.999684189,0.0251300954,0.9202318474,0.3913736668,0
2001-07-01,2001,7,103,54088,10.898367629,-0.052859882,0,0.5568756165,-0.830595899,-0.999684189,0.0251300954,0
2001-08-01,2001,8,104,58125,10.970351143,0.0719835141,0,0.3564118787,0.9343289425,0.8994052516,-0.437115767,0
2001-09-01,2001,9,105,48652,10.792448197,-0.177902946,0,-0.968583161,-0.248689887,-0.63742399,0.7705132428,0
2001-10-01,2001,10,106,65947,11.096606668,0.3041584714,0,0.762442511,-0.647055962,0.2608415063,-0.965381639,1
2001-11-01,2001,11,107,52687,10.872124025,-0.224482643,0,0.0878511966,0.9961336091,0.1626371652,0.9866859442,0
2001-12-01,2001,12,108,49178,10.803201648,-0.068922377,0,-0.863923417,-0.503623202,-0.556875616,-0.830595899,0
2002-01-01,2002,1,109,48146,10.78199334,-0.021208308,0,0.9101059707,-0.414375581,0.8509944818,0.52517463,0
2002-02-01,2002,2,110,49591,10.811564645,0.0295713046,0,-0.187381315,0.9822872507,-0.992114701,-0.125333234,0
2002-03-01,2002,3,111,54904,10.913341485,0.10177684,0,-0.693653306,-0.720309025,0.9548645447,-0.297041582,0
2002-04-01,2002,4,112,54982,10.914761138,0.0014196533,0,0.9886517447,-0.150225589,-0.745941145,0.6660118674,0
2002-05-01,2002,5,113,55678,10.927340375,0.0125792369,0,-0.448383216,0.8938414242,0.4029064357,-0.915241173,0
2002-06-01,2002,6,114,55376,10.921901566,-0.005438809,0,-0.470703932,-0.882291226,0.0125660399,0.9999210442,0
2002-07-01,2002,7,115,60595,11.01196766,0.0900660945,0,0.9921147013,0.1253332336,-0.425779292,-0.904827052,0
2002-08-01,2002,8,116,63686,11.061720037,0.0497523768,0,-0.675332808,0.7375131174,0.762442511,0.6470559616,0
2002-09-01,2002,9,117,51582,10.850928053,-0.210791984,0,-0.21200711,-0.977268124,-0.962027672,-0.272951936,0
2002-10-01,2002,10,118,52271,10.864197003,0.0132689496,0,0.9202318474,0.3913736668,0.9886517447,-0.150225589,0
2002-11-01,2002,11,119,47747,10.773671517,-0.090525486,0,-0.850994482,0.52517463,-0.83752804,0.5463943467,0
2002-12-01,2002,12,120,51201,10.843514342,0.0698428254,0,0.0627905195,-0.998026728,0.535826795,-0.844327926,0
2003-01-01,2003,1,121,49170,10.80303896,-0.040475382,0,0.7784623016,0.6276913613,-0.137790291,0.9904614257,0
2003-02-01,2003,2,122,47673,10.772120479,-0.030918482,0,-0.962027672,0.2729519355,-0.285019262,-0.958521789,0
2003-03-01,2003,3,123,56000,10.93310697,0.1609864908,0,0.3328195445,-0.942990536,0.6565857558,0.7542513807,0
2003-04-01,2003,4,124,55764,10.928883779,-0.004223191,0,0.5775727034,0.8163392507,-0.910105971,-0.414375581,0
2003-05-01,2003,5,125,59506,10.993832427,0.0649486479,0,-1,2.8418e-14,1,-2.7437e-14,0
2003-06-01,2003,6,126,58090,10.969748811,-0.024083616,0,0.5775727034,-0.816339251,-0.910105971,0.414375581,0
2003-07-01,2003,7,127,61433,11.025702429,0.0559536181,0,0.3328195445,0.9429905359,0.6565857558,-0.754251381,0
2003-08-01,2003,8,128,61356,11.024448245,-0.001254184,0,-0.962027672,-0.272951936,-0.285019262,0.958521789,0
2003-09-01,2003,9,129,55297,10.920473936,-0.103974308,0,0.7784623016,-0.627691361,-0.137790291,-0.990461426,0
2003-10-01,2003,10,130,53065,10.879272856,-0.04120108,0,0.0627905195,0.9980267284,0.535826795,0.8443279255,0
2003-11-01,2003,11,131,48537,10.790081673,-0.089191184,0,-0.850994482,-0.52517463,-0.83752804,-0.546394347,0
2003-12-01,2003,12,132,53314,10.88395424,0.0938725672,0,0.9202318474,-0.391373667,0.9886517447,0.1502255891,0
2004-01-01,2004,1,133,47864,10.776118935,-0.107835305,0,-0.21200711,0.9772681236,-0.962027672,0.2729519355,0
2004-02-01,2004,2,134,50584,10.8313906,0.0552716647,0,-0.675332808,-0.737513117,0.762442511,-0.647055962,0
2004-03-01,2004,3,135,60638,11.012677038,0.1812864385,0,0.9921147013,-0.125333234,-0.425779292,0.9048270525,0
2004-04-01,2004,4,136,55578,10.925542718,-0.08713432,0,-0.470703932,0.8822912264,0.0125660399,-0.999921044,0
2004-05-01,2004,5,137,59332,10.990904068,0.06536135,0,-0.448383216,-0.893841424,0.4029064357,0.9152411726,0
2004-06-01,2004,6,138,57264,10.955427433,-0.035476635,0,0.9886517447,0.1502255891,-0.745941145,-0.666011867,0
2004-07-01,2004,7,139,60858,11.016298561,0.0608711276,0,-0.693653306,0.7203090249,0.9548645447,0.2970415816,0
2004-08-01,2004,8,140,59246,10.989453546,-0.026845014,0,-0.187381315,-0.982287251,-0.992114701,0.1253332336,0
2004-09-01,2004,9,141,57973,10.967732664,-0.021720882,0,0.9101059707,0.414375581,0.8509944818,-0.52517463,0
2004-10-01,2004,10,142,53128,10.880459375,-0.087273289,0,-0.863923417,0.5036232016,-0.556875616,0.8305958992,0
2004-11-01,2004,11,143,50718,10.834036156,-0.046423219,0,0.0878511966,-0.996133609,0.1626371652,-0.986685944,0
2004-12-01,2004,12,144,57370,10.957276798,0.1232406414,0,0.762442511,0.6470559616,0.2608415063,0.9653816388,0
2005-01-01,2005,1,145,47706,10.772812455,-0.184464342,0,-0.968583161,0.2486898872,-0.63742399,-0.770513243,0
2005-02-01,2005,2,146,50927,10.838148514,0.0653360586,0,0.3564118787,-0.934328942,0.8994052516,0.4371157667,0
2005-03-01,2005,3,147,61437,11.025767539,0.1876190247,0,0.5568756165,0.8305958992,-0.999684189,-0.025130095,0
2005-04-01,2005,4,148,58535,10.977380145,-0.048387394,0,-0.999684189,-0.025130095,0.9202318474,-0.391373667,0
2005-05-01,2005,5,149,59474,10.993294521,0.0159143763,0,0.5979049831,-0.801566985,-0.675332808,0.7375131174,0
2005-06-01,2005,6,150,65585,11.09110229,0.097807769,0,0.3090169944,0.9510565163,0.3090169944,-0.951056516,0
2005-07-01,2005,7,151,69231,11.145204018,0.0541017279,0,-0.954864545,-0.297041582,0.1128563849,0.9936113105,0
2005-08-01,2005,8,152,62506,11.043017831,-0.102186187,0,0.7939903986,-0.607930298,-0.514439534,-0.857526656,0
2005-09-01,2005,9,153,53141,10.880704037,-0.162313794,0,0.0376901827,0.9992894726,0.8235325976,0.5672689491,0
2005-10-01,2005,10,154,47958,10.778080907,-0.10262313,0,-0.83752804,-0.546394347,-0.984564335,-0.175023059,0
2005-11-01,2005,11,155,49730,10.814363652,0.0362827449,0,0.9297764859,-0.368124553,0.9685831611,-0.248689887,0
2005-12-01,2005,12,156,55717,10.928040586,0.1136769341,0,-0.236498997,0.9716317329,-0.778462302,0.6276913613,0
2006-01-01,2006,1,157,50629,10.832279814,-0.095760772,0,-0.656585756,-0.754251381,0.4483832161,-0.893841424,0
2006-02-01,2006,2,158,51314,10.845718898,0.0134390848,0,0.994951017,-0.100361715,-0.037690183,0.9992894726,0
2006-03-01,2006,3,159,62921,11.04963525,0.2039163518,0,-0.492727342,0.8701837547,-0.379779096,-0.925077207,0
2006-04-01,2006,4,160,56863,10.948400145,-0.101235105,0,-0.425779292,-0.904827052,0.7289686274,0.6845471059,0
2006-05-01,2006,5,161,61023,11.019006121,0.0706059763,0,0.9845643345,0.175023059,-0.947098305,-0.32094361,0
2006-06-01,2006,6,162,60477,11.010018406,-0.008987715,0,-0.711535677,0.7026499698,0.994951017,-0.100361715,0
2006-07-01,2006,7,163,61957,11.034195875,0.0241774686,0,-0.162637165,-0.986685944,-0.863923417,0.5036232016,0
2006-08-01,2006,8,164,63872,11.06463636,0.0304404846,0,0.8994052516,0.4371157667,0.5775727034,-0.816339251,0
2006-09-01,2006,9,165,55786,10.929278221,-0.135358139,0,-0.87630668,0.4817536741,-0.187381315,0.9822872507,0
2006-10-01,2006,10,166,53468,10.886838623,-0.042439598,0,0.1128563849,-0.993611311,-0.236498997,-0.971631733,0
2006-11-01,2006,11,167,51710,10.853406465,-0.033432158,0,0.7459411454,0.6660118674,0.6178596131,0.7862884321,0
2006-12-01,2006,12,168,55602,10.925974451,0.0725679854,0,-0.974526873,0.2242707609,-0.888136449,-0.459579861,0
2007-01-01,2007,1,169,50920,10.838011053,-0.087963398,0,0.3797790955,-0.925077207,0.9987369566,0.0502443182,0
2007-02-01,2007,2,170,53146,10.880798122,0.0427870696,0,0.535826795,0.8443279255,-0.929776486,0.3681245527,0
2007-03-01,2007,3,171,63462,11.058196581,0.1773984583,0,-0.998736957,-0.050244318,0.6936533058,-0.720309025,0
2007-04-01,2007,4,172,57632,10.961833248,-0.096363333,0,0.6178596131,-0.786288432,-0.332819545,0.9429905359,0
2007-05-01,2007,5,173,63279,11.0553088,0.0934755516,0,0.2850192625,0.958521789,-0.087851197,-0.996133609,0
2007-06-01,2007,6,174,59095,10.986901597,-0.068407202,0,-0.947098305,-0.32094361,0.4927273415,0.8701837547,0
2007-07-01,2007,7,175,59393,10.991931653,0.0050300558,0,0.8090169944,-0.587785252,-0.809016994,-0.587785252,0
2007-08-01,2007,8,176,64017,11.066903952,0.0749722988,0,0.0125660399,0.9999210442,0.9798550524,0.1997099805,0
2007-09-01,2007,9,177,55806,10.929636669,-0.137267283,0,-0.823532598,-0.567268949,-0.974526873,0.2242707609,0
2007-10-01,2007,10,178,56263,10.937792404,0.008155735,0,0.9387338577,-0.344642923,0.7939903986,-0.607930298,0
2007-11-01,2007,11,179,51284,10.845134092,-0.092658313,0,-0.260841506,0.9653816388,-0.470703932,0.8822912264,0
2007-12-01,2007,12,180,53410,10.885753273,0.0406191817,0,-0.63742399,-0.770513243,0.0627905195,-0.998026728,0
2008-01-01,2008,1,181,49775,10.815268129,-0.070485144,1,0.9971589003,-0.075326806,0.3564118787,0.9343289425,0
2008-02-01,2008,2,182,51502,10.849375921,0.0341077919,1,-0.514439534,0.8575266562,-0.711535677,-0.70264997,0
2008-03-01,2008,3,183,57091,10.952401765,0.1030258442,1,-0.402906436,-0.915241173,0.9387338577,0.3446429232,0
2008-04-01,2008,4,184,53864,10.89421763,-0.058184135,1,0.9798550524,0.1997099805,-0.9971589,0.0753268055,0
2008-05-01,2008,5,185,55396,10.922262668,0.0280450377,1,-0.728968627,0.6845471059,0.87630668,-0.481753674,0
2008-06-01,2008,6,186,49500,10.809727949,-0.112534719,1,-0.137790291,-0.990461426,-0.597904983,0.8015669849,0
2008-07-01,2008,7,187,50236,10.82448718,0.0147592316,1,0.8881364488,0.4595798606,0.2120071099,-0.977268124,0
2008-08-01,2008,8,188,51435,10.848074154,0.0235869734,1,-0.888136449,0.4595798606,0.2120071099,0.9772681236,0
2008-09-01,2008,9,189,44333,10.6994846,-0.148589554,1,0.1377902907,-0.990461426,-0.597904983,-0.801566985,0
2008-10-01,2008,10,190,39272,10.578267076,-0.121217524,1,0.7289686274,0.6845471059,0.87630668,0.4817536741,0
2008-11-01,2008,11,191,34535,10.449728582,-0.128538494,1,-0.979855052,0.1997099805,-0.9971589,-0.075326806,0
2008-12-01,2008,12,192,38654,10.562405542,0.11267696,1,0.4029064357,-0.915241173,0.9387338577,-0.344642923,0
2009-01-01,2009,1,193,36015,10.491690797,-0.070714744,1,0.5144395338,0.8575266562,-0.711535677,0.7026499698,0
2009-02-01,2009,2,194,35243,10.470022207,-0.02166859,1,-0.9971589,-0.075326806,0.3564118787,-0.934328942,0
2009-03-01,2009,3,195,40565,10.610660905,0.1406386979,1,0.6374239897,-0.770513243,0.0627905195,0.9980267284,0
2009-04-01,2009,4,196,39441,10.582561163,-0.028099741,1,0.2608415063,0.9653816388,-0.470703932,-0.882291226,0
2009-05-01,2009,5,197,41068,10.622984508,0.0404233451,1,-0.938733858,-0.344642923,0.7939903986,0.6079302977,0
2009-06-01,2009,6,198,42442,10.655893717,0.0329092086,1,0.8235325976,-0.567268949,-0.974526873,-0.224270761,0
2009-07-01,2009,7,199,45635,10.728430245,0.072536528,1,-0.01256604,0.9999210442,0.9798550524,-0.199709981,0
2009-08-01,2009,8,200,49947,10.818717722,0.0902874773,1,-0.809016994,-0.587785252,-0.809016994,0.5877852523,0
2009-09-01,2009,9,201,37120,10.521911187,-0.296806535,1,0.947098305,-0.32094361,0.4927273415,-0.870183755,0
2009-10-01,2009,10,202,40085,10.598757478,0.0768462916,1,-0.285019262,0.958521789,-0.087851197,0.9961336091,0
2009-11-01,2009,11,203,36810,10.513524826,-0.085232652,1,-0.617859613,-0.786288432,-0.332819545,-0.942990536,0
2009-12-01,2009,12,204,42194,10.65003331,0.1365084834,1,0.9987369566,-0.050244318,0.6936533058,0.7203090249,0
2010-01-01,2010,1,205,37035,10.51961869,-0.130414619,1,-0.535826795,0.8443279255,-0.929776486,-0.368124553,0
2010-02-01,2010,2,206,37155,10.522853631,0.0032349401,1,-0.379779096,-0.925077207,0.9987369566,-0.050244318,0
2010-03-01,2010,3,207,49926,10.818297188,0.2954435575,1,0.9745268728,0.2242707609,-0.888136449,0.4595798606,0
2010-04-01,2010,4,208,47053,10.759029905,-0.059267283,1,-0.745941145,0.6660118674,0.6178596131,-0.786288432,0
2010-05-01,2010,5,209,48346,10.786138767,0.0271088624,1,-0.112856385,-0.993611311,-0.236498997,0.9716317329,0
2010-06-01,2010,6,210,46879,10.755325093,-0.030813674,1,0.87630668,0.4817536741,-0.187381315,-0.982287251,0
2010-07-01,2010,7,211,49697,10.813699848,0.0583747551,1,-0.899405252,0.4371157667,0.5775727034,0.8163392507,0
2010-08-01,2010,8,212,48858,10.796673411,-0.017026437,1,0.1626371652,-0.986685944,-0.863923417,-0.503623202,0
2010-09-01,2010,9,213,45610,10.72788227,-0.068791141,1,0.7115356772,0.7026499698,0.994951017,0.1003617149,0
2010-10-01,2010,10,214,45366,10.722518205,-0.005364065,1,-0.984564335,0.175023059,-0.947098305,0.3209436098,0
2010-11-01,2010,11,215,43813,10.687685856,-0.034832349,1,0.4257792916,-0.904827052,0.7289686274,-0.684547106,0
2010-12-01,2010,12,216,49735,10.81446419,0.1267783336,1,0.4927273415,0.8701837547,-0.379779096,0.9250772068,0
2011-01-01,2011,1,217,43739,10.685995432,-0.128468758,1,-0.994951017,-0.100361715,-0.037690183,-0.999289473,0
2011-02-01,2011,2,218,46318,10.743285933,0.0572905018,1,0.6565857558,-0.754251381,0.4483832161,0.8938414242,0
2011-03-01,2011,3,219,55952,10.932249459,0.1889635259,1,0.236498997,0.9716317329,-0.778462302,-0.627691361,0
2011-04-01,2011,4,220,51777,10.854701314,-0.077548145,1,-0.929776486,-0.368124553,0.9685831611,0.2486898872,0
2011-05-01,2011,5,221,51278,10.845017089,-0.009684225,1,0.83752804,-0.546394347,-0.984564335,0.175023059,0
2011-06-01,2011,6,222,51281,10.845075592,0.0000585029,1,-0.037690183,0.9992894726,0.8235325976,-0.567268949,0
2011-07-01,2011,7,223,51208,10.843651049,-0.001424543,1,-0.793990399,-0.607930298,-0.514439534,0.8575266562,0
2011-08-01,2011,8,224,52919,10.876517722,0.0328666728,1,0.9548645447,-0.297041582,0.1128563849,-0.993611311,0
2011-09-01,2011,9,225,50292,10.825601298,-0.050916424,1,-0.309016994,0.9510565163,0.3090169944,0.9510565163,0
2011-10-01,2011,10,226,49873,10.817235053,-0.008366245,1,-0.597904983,-0.801566985,-0.675332808,-0.737513117,0
2011-11-01,2011,11,227,48662,10.792653717,-0.024581336,1,0.9996841893,-0.025130095,0.9202318474,0.3913736668,0
2011-12-01,2011,12,228,55489,10.923940082,0.1312863649,1,-0.556875616,0.8305958992,-0.999684189,0.0251300954,0
2012-01-01,2012,1,229,47096,10.759943351,-0.163996731,1,-0.356411879,-0.934328942,0.8994052516,-0.437115767,0
2012-02-01,2012,2,230,52611,10.870680502,0.1107371516,1,0.9685831611,0.2486898872,-0.63742399,0.7705132428,0
2012-03-01,2012,3,231,61036,11.019219133,0.1485386307,1,-0.762442511,0.6470559616,0.2608415063,-0.965381639,0
2012-04-01,2012,4,232,54942,10.914033362,-0.105185771,1,-0.087851197,-0.996133609,0.1626371652,0.9866859442,0
2012-05-01,2012,5,233,60389,11.008562248,0.0945288858,1,0.8639234172,0.5036232016,-0.556875616,-0.830595899,0
2012-06-01,2012,6,234,56669,10.944982603,-0.063579645,1,-0.910105971,0.414375581,0.8509944818,0.52517463,0
2012-07-01,2012,7,235,56948,10.94989385,0.0049112467,1,0.1873813146,-0.982287251,-0.992114701,-0.125333234,0
2012-08-01,2012,8,236,61184,11.021640996,0.0717471467,1,0.6936533058,0.7203090249,0.9548645447,-0.297041582,0
2012-09-01,2012,9,237,54451,10.905056494,-0.116584503,1,-0.988651745,0.1502255891,-0.745941145,0.6660118674,0
2012-10-01,2012,10,238,54854,10.912430389,0.0073738955,1,0.4483832161,-0.893841424,0.4029064357,-0.915241173,0
2012-11-01,2012,11,239,53618,10.889640112,-0.022790278,1,0.4707039322,0.8822912264,0.0125660399,0.9999210442,0
2012-12-01,2012,12,240,58752,10.981080474,0.0914403624,1,-0.992114701,-0.125333234,-0.425779292,-0.904827052,0
2013-01-01,2013,1,241,53205,10.881907656,-0.099172818,1,0.6753328081,-0.737513117,0.762442511,0.6470559616,0
2013-02-01,2013,2,242,54769,10.910879619,0.0289719636,1,0.2120071099,0.9772681236,-0.962027672,-0.272951936,0
2013-03-01,2013,3,243,63410,11.057376857,0.1464972373,1,-0.920231847,-0.391373667,0.9886517447,-0.150225589,0
2013-04-01,2013,4,244,61550,11.027605132,-0.029771725,1,0.8509944818,-0.52517463,-0.83752804,0.5463943467,0
2013-05-01,2013,5,245,65939,11.096485351,0.0688802196,1,-0.06279052,0.9980267284,0.535826795,-0.844327926,0
2013-06-01,2013,6,246,62718,11.046403767,-0.050081584,1,-0.778462302,-0.627691361,-0.137790291,0.9904614257,0
2013-07-01,2013,7,247,66296,11.101884843,0.0554810758,1,0.9620276716,-0.272951936,-0.285019262,-0.958521789,0
2013-08-01,2013,8,248,68506,11.134676612,0.0327917691,1,-0.332819545,0.9429905359,0.6565857558,0.7542513807,0
2013-09-01,2013,9,249,58254,10.972568039,-0.162108573,1,-0.577572703,-0.816339251,-0.910105971,-0.414375581,0
2013-10-01,2013,10,250,60581,11.011736592,0.0391685529,1,1,-5.6836e-14,1,-5.48741e-14,0
2013-11-01,2013,11,251,58903,10.983647302,-0.028089289,1,-0.577572703,0.8163392507,-0.910105971,0.414375581,0
2013-12-01,2013,12,252,62951,11.050111925,0.0664646228,1,-0.332819545,-0.942990536,0.6565857558,-0.754251381,0
2014-01-01,2014,1,253,54761,10.910733541,-0.139378384,1,0.9620276716,0.2729519355,-0.285019262,0.958521789,0
2014-02-01,2014,2,254,56522,10.942385222,0.0316516811,1,-0.778462302,0.6276913613,-0.137790291,-0.990461426,0
2014-03-01,2014,3,255,69328,11.146604144,0.2042189221,1,-0.06279052,-0.998026728,0.535826795,0.8443279255,0
2014-04-01,2014,4,256,67217,11.115681471,-0.030922673,1,0.8509944818,0.52517463,-0.83752804,-0.546394347,0
2014-05-01,2014,5,257,71666,11.179771716,0.0640902454,1,-0.920231847,0.3913736668,0.9886517447,0.1502255891,0
2014-06-01,2014,6,258,65935,11.096424687,-0.083347029,1,0.2120071099,-0.977268124,-0.962027672,0.2729519355,0
2014-07-01,2014,7,259,70331,11.160967948,0.0645432606,1,0.6753328081,0.7375131174,0.762442511,-0.647055962,0
2014-08-01,2014,8,260,72401,11.18997539,0.0290074425,1,-0.992114701,0.1253332336,-0.425779292,0.9048270525,0
2014-09-01,2014,9,261,64089,11.068028021,-0.121947369,1,0.4707039322,-0.882291226,0.0125660399,-0.999921044,0
2014-10-01,2014,10,262,64849,11.079816769,0.0117887481,1,0.4483832161,0.8938414242,0.4029064357,0.9152411726,0
2014-11-01,2014,11,263,62129,11.036968148,-0.042848622,1,-0.988651745,-0.150225589,-0.745941145,-0.666011867,0
2014-12-01,2014,12,264,69655,11.151309764,0.1143416165,1,0.6936533058,-0.720309025,0.9548645447,0.2970415816,0
2015-01-01,2015,1,265,61352,11.024383049,-0.126926715,1,0.1873813146,0.9822872507,-0.992114701,0.1253332336,0
2015-02-01,2015,2,266,60207,11.005543904,-0.018839146,1,-0.910105971,-0.414375581,0.8509944818,-0.52517463,0
2015-03-01,2015,3,267,73785,11.208910738,0.2033668343,1,0.8639234172,-0.503623202,-0.556875616,0.8305958992,0
2015-04-01,2015,4,268,70997,11.170392902,-0.038517836,1,-0.087851197,0.9961336091,0.1626371652,-0.986685944,0
2015-05-01,2015,5,269,74860,11.223374981,0.0529820798,1,-0.762442511,-0.647055962,0.2608415063,0.9653816388,0
2015-06-01,2015,6,270,71930,11.183448703,-0.039926279,1,0.9685831611,-0.248689887,-0.63742399,-0.770513243,0
2015-07-01,2015,7,271,75549,11.232536731,0.0490880285,1,-0.356411879,0.9343289425,0.8994052516,0.4371157667,0
2015-08-01,2015,8,272,76661,11.247148383,0.0146116521,1,-0.556875616,-0.830595899,-0.999684189,-0.025130095,0
2015-09-01,2015,9,273,70931,11.169462853,-0.077685531,1,0.9996841893,0.0251300954,0.9202318474,-0.391373667,0
2015-10-01,2015,10,274,70389,11.16179228,-0.007670573,1,-0.597904983,0.8015669849,-0.675332808,0.7375131174,0
2015-11-01,2015,11,275,66459,11.104340495,-0.057451785,1,-0.309016994,-0.951056516,0.3090169944,-0.951056516,0
2015-12-01,2015,12,276,75047,11.225869863,0.1215293678,1,0.9548645447,0.2970415816,0.1128563849,0.9936113105,0
2016-01-01,2016,1,277,62553,11.043769476,-0.182100387,1,-0.793990399,0.6079302977,-0.514439534,-0.857526656,0
2016-02-01,2016,2,278,67782,11.124051952,0.0802824756,1,-0.037690183,-0.999289473,0.8235325976,0.5672689491,0
2016-03-01,2016,3,279,76176,11.240801731,0.1167497795,1,0.83752804,0.5463943467,-0.984564335,-0.175023059,0
2016-04-01,2016,4,280,73782,11.208870078,-0.031931653,1,-0.929776486,0.3681245527,0.9685831611,-0.248689887,0
2016-05-01,2016,5,281,75322,11.229527536,0.0206574574,1,0.236498997,-0.971631733,-0.778462302,0.6276913613,0
2016-06-01,2016,6,282,73961,11.211293206,-0.01823433,1,0.6565857558,0.7542513807,0.4483832161,-0.893841424,0
2016-07-01,2016,7,283,76660,11.247135339,0.0358421327,1,-0.994951017,0.1003617149,-0.037690183,0.9992894726,0
2016-08-01,2016,8,284,80408,11.294868953,0.0477336138,1,0.4927273415,-0.870183755,-0.379779096,-0.925077207,0
2016-09-01,2016,9,285,73950,11.211144468,-0.083724485,1,0.4257792916,0.9048270525,0.7289686274,0.6845471059,0
2016-10-01,2016,10,286,71515,11.177662497,-0.033481971,1,-0.984564335,-0.175023059,-0.947098305,-0.32094361,0
2016-11-01,2016,11,287,70726,11.166568535,-0.011093962,1,0.7115356772,-0.70264997,0.994951017,-0.100361715,0
2016-12-01,2016,12,288,80617,11.297464824,0.130896289,1,0.1626371652,0.9866859442,-0.863923417,0.5036232016,0
2017-01-01,2017,1,289,65945,11.09657634,-0.200888484,1,-0.899405252,-0.437115767,0.5775727034,-0.816339251,0
2017-02-01,2017,2,290,67919,11.126071098,0.0294947574,1,0.87630668,-0.481753674,-0.187381315,0.9822872507,0
2017-03-01,2017,3,291,79960,11.289281789,0.1632106909,1,-0.112856385,0.9936113105,-0.236498997,-0.971631733,0
2017-04-01,2017,4,292,72876,11.196514646,-0.092767143,1,-0.745941145,-0.666011867,0.6178596131,0.7862884321,0
2017-05-01,2017,5,293,79737,11.286488998,0.0899743523,1,0.9745268728,-0.224270761,-0.888136449,-0.459579861,0
2017-06-01,2017,6,294,76461,11.244536086,-0.041952912,1,-0.379779096,0.9250772068,0.9987369566,0.0502443182,0
2017-07-01,2017,7,295,77686,11.26043034,0.015894254,1,-0.535826795,-0.844327926,-0.929776486,0.3681245527,0
2017-08-01,2017,8,296,80178,11.292004442,0.0315741021,1,0.9987369566,0.0502443182,0.6936533058,-0.720309025,0
2017-09-01,2017,9,297,77018,11.25179444,-0.040210002,1,-0.617859613,0.7862884321,-0.332819545,0.9429905359,0
2017-10-01,2017,10,298,75069,11.22616297,-0.02563147,1,-0.285019262,-0.958521789,-0.087851197,-0.996133609,0
2017-11-01,2017,11,299,73853,11.20983191,-0.01633106,1,0.947098305,0.3209436098,0.4927273415,0.8701837547,0
2017-12-01,2017,12,300,79785,11.287090796,0.0772588858,1,-0.809016994,0.5877852523,-0.809016994,-0.587785252,0
2018-01-01,2018,1,301,67831,11.124774597,-0.162316199,1,-0.01256604,-0.999921044,0.9798550524,0.1997099805,0
2018-02-01,2018,2,302,67580,11.12106736,-0.003707236,1,0.8235325976,0.5672689491,-0.974526873,0.2242707609,0
2018-03-01,2018,3,303,83004,11.326644078,0.2055767181,1,-0.938733858,0.3446429232,0.7939903986,-0.607930298,0
2018-04-01,2018,4,304,74537,11.219050925,-0.107593153,1,0.2608415063,-0.965381639,-0.470703932,0.8822912264,0
2018-05-01,2018,5,305,82287,11.317968416,0.0989174901,1,0.6374239897,0.7705132428,0.0627905195,-0.998026728,0
2018-06-01,2018,6,306,78447,11.270178517,-0.047789899,1,-0.9971589,0.0753268055,0.3564118787,0.9343289425,0
2018-07-01,2018,7,307,78402,11.269604716,-0.0005738,1,0.5144395338,-0.857526656,-0.711535677,-0.70264997,0
2018-08-01,2018,8,308,82388,11.319195074,0.049590358,1,0.4029064357,0.9152411726,0.9387338577,0.3446429232,0
2018-09-01,2018,9,309,73247,11.20159257,-0.117602504,1,-0.979855052,-0.199709981,-0.9971589,0.0753268055,0
2018-10-01,2018,10,310,75864,11.236697543,0.0351049722,1,0.7289686274,-0.684547106,0.87630668,-0.481753674,0
2018-11-01,2018,11,311,73766,11.2086532,-0.028044343,1,0.1377902907,0.9904614257,-0.597904983,0.8015669849,0
2018-12-01,2018,12,312,80973,11.301871045,0.0932178449,1,-0.888136449,-0.459579861,0.2120071099,-0.977268124,0
2019-01-01,2019,1,313,67212,11.115607082,-0.186263963,1,0.8881364488,-0.459579861,0.2120071099,0.9772681236,0
2019-02-01,2019,2,314,67726,11.123225432,0.0076183504,1,-0.137790291,0.9904614257,-0.597904983,-0.801566985,0
2019-03-01,2019,3,315,82765,11.323760546,0.2005351133,1,-0.728968627,-0.684547106,0.87630668,0.4817536741,0
2019-04-01,2019,4,316,77114,11.253040125,-0.07072042,1,0.9798550524,-0.199709981,-0.9971589,-0.075326806,0
2019-05-01,2019,5,317,84145,11.34029678,0.0872566547,1,-0.402906436,0.9152411726,0.9387338577,-0.344642923,0
2019-06-01,2019,6,318,78334,11.268737015,-0.071559765,1,-0.514439534,-0.857526656,-0.711535677,0.7026499698,0
2019-07-01,2019,7,319,82621,11.322019164,0.0532821494,1,0.9971589003,0.0753268055,0.3564118787,-0.934328942,0
2019-08-01,2019,8,320,88042,11.385569252,0.0635500878,1,-0.63742399,0.7705132428,0.0627905195,0.9980267284,0
2019-09-01,2019,9,321,75963,11.238001659,-0.147567594,1,-0.260841506,-0.965381639,-0.470703932,-0.882291226,0
2019-10-01,2019,10,322,79167,11.279314824,0.0413131657,1,0.9387338577,0.3446429232,0.7939903986,0.6079302977,0
2019-11-01,2019,11,323,78006,11.264541026,-0.014773799,1,-0.823532598,0.5672689491,-0.974526873,-0.224270761,0
2019-12-01,2019,12,324,81741,11.311310991,0.0467699652,1,0.0125660399,-0.999921044,0.9798550524,-0.199709981,0
2020-01-01,2020,1,325,70881,11.168757694,-0.142553297,1,0.8090169944,0.5877852523,-0.809016994,0.5877852523,0
2020-02-01,2020,2,326,72930,11.197255356,0.0284976624,1,-0.947098305,0.3209436098,0.4927273415,-0.870183755,0
2020-03-01,2020,3,327,58108,10.970058627,-0.227196729,1,0.2850192625,-0.958521789,-0.087851197,0.9961336091,0
2020-04-01,2020,4,328,48807,10.795629024,-0.174429603,1,0.6178596131,0.7862884321,-0.332819545,-0.942990536,0
2020-05-01,2020,5,329,75633,11.233647975,0.4380189507,1,-0.998736957,0.0502443182,0.6936533058,0.7203090249,0
2020-06-01,2020,6,330,79262,11.2805141,0.046866125,1,0.535826795,-0.844327926,-0.929776486,-0.368124553,0
2020-07-01,2020,7,331,82206,11.316983571,0.0364694712,1,0.3797790955,0.9250772068,0.9987369566,-0.050244318,0
2020-08-01,2020,8,332,83380,11.331163751,0.0141801804,1,-0.974526873,-0.224270761,-0.888136449,0.4595798606,0
2020-09-01,2020,9,333,83179,11.328750191,-0.00241356,1,0.7459411454,-0.666011867,0.6178596131,-0.786288432,0
2020-10-01,2020,10,334,84848,11.348616699,0.0198665083,1,0.1128563849,0.9936113105,-0.236498997,0.9716317329,0
2020-11-01,2020,11,335,76816,11.249168231,-0.099448469,1,-0.87630668,-0.481753674,-0.187381315,-0.982287251,0
2020-12-01,2020,12,336,89444,11.40136801,0.1521997793,1,0.8994052516,-0.437115767,0.5775727034,0.8163392507,0
2021-01-01,2021,1,337,77391,11.256625774,-0.144742236,1,-0.162637165,0.9866859442,-0.863923417,-0.503623202,0
2021-02-01,2021,2,338,74874,11.22356198,-0.033063794,1,-0.711535677,-0.70264997,0.994951017,0.1003617149,0
2021-03-01,2021,3,339,104050,11.552626832,0.3290648521,1,0.9845643345,-0.175023059,-0.947098305,0.3209436098,0
2021-04-01,2021,4,340,101980,11.532531995,-0.020094837,1,-0.425779292,0.9048270525,0.7289686274,-0.684547106,0
2021-05-01,2021,5,341,102538,11.537988741,0.005456746,1,-0.492727342,-0.870183755,-0.379779096,0.9250772068,0
2021-06-01,2021,6,342,96934,11.481785614,-0.056203127,1,0.994951017,0.1003617149,-0.037690183,-0.999289473,0
2021-07-01,2021,7,343,95559,11.467499137,-0.014286477,1,-0.656585756,0.7542513807,0.4483832161,0.8938414242,0
2021-08-01,2021,8,344,90256,11.410405356,-0.057093781,1,-0.236498997,-0.971631733,-0.778462302,-0.627691361,0
2021-09-01,2021,9,345,86553,11.368512222,-0.041893134,1,0.9297764859,0.3681245527,0.9685831611,0.2486898872,0
2021-10-01,2021,10,346,87437,11.378673813,0.010161591,1,-0.83752804,0.5463943467,-0.984564335,0.175023059,0
2021-11-01,2021,11,347,85574,11.357136778,-0.021537035,1,0.0376901827,-0.999289473,0.8235325976,-0.567268949,0
2021-12-01,2021,12,348,92521,11.435190925,0.0780541471,1,0.7939903986,0.6079302977,-0.514439534,0.8575266562,0
2022-01-01,2022,1,349,84442,11.343820187,-0.091370738,1,-0.954864545,0.2970415816,0.1128563849,-0.993611311,0
2022-02-01,2022,2,350,86147,11.363810418,0.0199902312,1,0.3090169944,-0.951056516,0.3090169944,0.9510565163,0
2022-03-01,2022,3,351,101277,11.525614616,0.1618041977,1,0.5979049831,0.8015669849,-0.675332808,-0.737513117,0
2022-04-01,2022,4,352,100066,11.513585247,-0.012029369,1,-0.999684189,0.0251300954,0.9202318474,0.3913736668,0
2022-05-01,2022,5,353,95567,11.467582851,-0.046002396,1,0.5568756165,-0.830595899,-0.999684189,0.0251300954,0
2022-06-01,2022,6,354,95305,11.464837554,-0.002745297,1,0.3564118787,0.9343289425,0.8994052516,-0.437115767,0
2022-07-01,2022,7,355,92052,11.430108914,-0.03472864,1,-0.968583161,-0.248689887,-0.63742399,0.7705132428,0
